#: table_doi: 10.17182/hepdata.59944.v1/t29
#: name: Table 29
#: description: Nuclear Modification Factor RAA in the centrality interval 40-80%.

#: data_file: Table29.yaml
#: keyword reactions: PB PB --> CHARGED X
#: keyword observables: RAA
#: keyword phrases: Inclusive
#: keyword cmenergies: 2760.0
#: RE,,,PB PB --> CHARGED X
#: ETARAP,,,-0.8-0.8
#: CENTRALITY [pct],,,40.0-80.0
#: SQRT(S)/NUCLEON [GeV],,,2760.0
PT [GEV],PT [GEV] LOW,PT [GEV] HIGH,RAA,stat +,stat -,sys +,sys -,"sys,normaliztion uncertainty +","sys,normaliztion uncertainty -"
0.175,0.15,0.2,0.3858,0.0007,-0.0007,0.0574,-0.0574,6.26%,-6.26%
0.225,0.2,0.25,0.3829,0.0004,-0.0004,0.0496,-0.0496,6.26%,-6.26%
0.275,0.25,0.3,0.3884,0.0004,-0.0004,0.049,-0.049,6.26%,-6.26%
0.325,0.3,0.35,0.3967,0.0004,-0.0004,0.0481,-0.0481,6.26%,-6.26%
0.375,0.35,0.4,0.4068,0.0004,-0.0004,0.0495,-0.0495,6.26%,-6.26%
0.425,0.4,0.45,0.4185,0.0004,-0.0004,0.052,-0.052,6.26%,-6.26%
0.475,0.45,0.5,0.4309,0.0005,-0.0005,0.0531,-0.0531,6.26%,-6.26%
0.525,0.5,0.55,0.4439,0.0005,-0.0005,0.054,-0.054,6.26%,-6.26%
0.575,0.55,0.6,0.4576,0.0006,-0.0006,0.055,-0.055,6.26%,-6.26%
0.625,0.6,0.65,0.4717,0.0006,-0.0006,0.0554,-0.0554,6.26%,-6.26%
0.675,0.65,0.7,0.4866,0.0007,-0.0007,0.0571,-0.0571,6.26%,-6.26%
0.725,0.7,0.75,0.4997,0.0008,-0.0008,0.0584,-0.0584,6.26%,-6.26%
0.775,0.75,0.8,0.5116,0.0008,-0.0008,0.0598,-0.0598,6.26%,-6.26%
0.825,0.8,0.85,0.5265,0.0009,-0.0009,0.0614,-0.0614,6.26%,-6.26%
0.875,0.85,0.9,0.5389,0.0011,-0.0011,0.0628,-0.0628,6.26%,-6.26%
0.925,0.9,0.95,0.5515,0.0012,-0.0012,0.0643,-0.0643,6.26%,-6.26%
0.975,0.95,1.0,0.5628,0.0013,-0.0013,0.0655,-0.0655,6.26%,-6.26%
1.05,1.0,1.1,0.574,0.0009,-0.0009,0.0668,-0.0668,6.26%,-6.26%
1.15,1.1,1.2,0.5943,0.001,-0.001,0.0693,-0.0693,6.26%,-6.26%
1.25,1.2,1.3,0.6091,0.0011,-0.0011,0.0713,-0.0713,6.26%,-6.26%
1.35,1.3,1.4,0.6192,0.0011,-0.0011,0.0725,-0.0725,6.26%,-6.26%
1.45,1.4,1.5,0.6252,0.0014,-0.0014,0.0733,-0.0733,6.26%,-6.26%
1.55,1.5,1.6,0.6325,0.0014,-0.0014,0.0752,-0.0752,6.26%,-6.26%
1.65,1.6,1.7,0.6372,0.0017,-0.0017,0.0757,-0.0757,6.26%,-6.26%
1.75,1.7,1.8,0.6418,0.0018,-0.0018,0.0762,-0.0762,6.26%,-6.26%
1.85,1.8,1.9,0.6541,0.0022,-0.0022,0.0776,-0.0776,6.26%,-6.26%
1.95,1.9,2.0,0.6552,0.0022,-0.0022,0.0777,-0.0777,6.26%,-6.26%
2.1,2.0,2.2,0.6435,0.0018,-0.0018,0.076,-0.076,6.26%,-6.26%
2.3,2.2,2.4,0.6329,0.0018,-0.0018,0.0746,-0.0746,6.26%,-6.26%
2.5,2.4,2.6,0.632,0.0022,-0.0022,0.0744,-0.0744,6.26%,-6.26%
2.7,2.6,2.8,0.6175,0.0023,-0.0023,0.0725,-0.0725,6.26%,-6.26%
2.9,2.8,3.0,0.5986,0.0035,-0.0035,0.0702,-0.0702,6.26%,-6.26%
3.1,3.0,3.2,0.5815,0.0029,-0.0029,0.068,-0.068,6.26%,-6.26%
3.3,3.2,3.4,0.5673,0.0029,-0.0029,0.0662,-0.0662,6.26%,-6.26%
3.5,3.4,3.6,0.5622,0.003,-0.003,0.0655,-0.0655,6.26%,-6.26%
3.7,3.6,3.8,0.5504,0.0031,-0.0031,0.064,-0.064,6.26%,-6.26%
3.9,3.8,4.0,0.5336,0.0032,-0.0032,0.062,-0.062,6.26%,-6.26%
4.25,4.0,4.5,0.5085,0.0033,-0.0033,0.0589,-0.0589,6.26%,-6.26%
4.75,4.5,5.0,0.4892,0.0035,-0.0035,0.0567,-0.0567,6.26%,-6.26%
5.25,5.0,5.5,0.4716,0.003,-0.003,0.0547,-0.0547,6.26%,-6.26%
5.75,5.5,6.0,0.4637,0.0029,-0.0029,0.0539,-0.0539,6.26%,-6.26%
6.25,6.0,6.5,0.4615,0.0031,-0.0031,0.0537,-0.0537,6.26%,-6.26%
6.75,6.5,7.0,0.4659,0.0034,-0.0034,0.0542,-0.0542,6.26%,-6.26%
7.5,7.0,8.0,0.4655,0.0034,-0.0034,0.0542,-0.0542,6.26%,-6.26%
8.5,8.0,9.0,0.4786,0.0043,-0.0043,0.0558,-0.0558,6.26%,-6.26%
9.5,9.0,10.0,0.49,0.0054,-0.0054,0.0572,-0.0572,6.26%,-6.26%
10.5,10.0,11.0,0.5064,0.0069,-0.0069,0.0595,-0.0595,6.26%,-6.26%
11.5,11.0,12.0,0.5142,0.0086,-0.0086,0.0609,-0.0609,6.26%,-6.26%
12.5,12.0,13.0,0.5466,0.0109,-0.0109,0.0655,-0.0655,6.26%,-6.26%
13.5,13.0,14.0,0.5627,0.0133,-0.0133,0.0686,-0.0686,6.26%,-6.26%
14.5,14.0,15.0,0.5851,0.0162,-0.0162,0.0724,-0.0724,6.26%,-6.26%
15.5,15.0,16.0,0.5802,0.0191,-0.0191,0.0731,-0.0731,6.26%,-6.26%
17.0,16.0,18.0,0.6418,0.0187,-0.0187,0.0831,-0.0831,6.26%,-6.26%
19.0,18.0,20.0,0.6119,0.0239,-0.0239,0.0824,-0.0824,6.26%,-6.26%
21.0,20.0,22.0,0.6624,0.0323,-0.0323,0.093,-0.093,6.26%,-6.26%
23.0,22.0,24.0,0.6698,0.0411,-0.0411,0.0982,-0.0982,6.26%,-6.26%
25.0,24.0,26.0,0.6249,0.0493,-0.0493,0.0956,-0.0956,6.26%,-6.26%
27.0,26.0,28.0,0.7364,0.0658,-0.0658,0.1171,-0.1171,6.26%,-6.26%
29.0,28.0,30.0,0.7612,0.081,-0.081,0.1257,-0.1257,6.26%,-6.26%
31.0,30.0,32.0,0.6252,0.0875,-0.0875,0.1069,-0.1069,6.26%,-6.26%
33.0,32.0,34.0,0.6939,0.1092,-0.1092,0.1227,-0.1227,6.26%,-6.26%
35.0,34.0,36.0,0.6298,0.1219,-0.1219,0.1142,-0.1142,6.26%,-6.26%
38.0,36.0,40.0,0.9875,0.1348,-0.1348,0.1884,-0.1884,6.26%,-6.26%
42.5,40.0,45.0,0.7054,0.1367,-0.1367,0.1428,-0.1428,6.26%,-6.26%
47.5,45.0,50.0,0.8653,0.205,-0.205,0.1849,-0.1849,6.26%,-6.26%

