#: table_doi: 10.17182/hepdata.59944.v1/t19
#: name: Table 19
#: description: Nuclear Modification Factor RAA in the centrality interval 20-30%.

#: data_file: Table19.yaml
#: keyword reactions: PB PB --> CHARGED X
#: keyword observables: RAA
#: keyword phrases: Inclusive
#: keyword cmenergies: 2760.0
#: RE,,,PB PB --> CHARGED X
#: ETARAP,,,-0.8-0.8
#: CENTRALITY [pct],,,20.0-30.0
#: SQRT(S)/NUCLEON [GeV],,,2760.0
PT [GEV],PT [GEV] LOW,PT [GEV] HIGH,RAA,stat +,stat -,sys +,sys -,"sys,normaliztion uncertainty +","sys,normaliztion uncertainty -"
0.175,0.15,0.2,0.2437,0.0004,-0.0004,0.0365,-0.0365,4.64%,-4.64%
0.225,0.2,0.25,0.2469,0.0003,-0.0003,0.0314,-0.0314,4.64%,-4.64%
0.275,0.25,0.3,0.2542,0.0003,-0.0003,0.0303,-0.0303,4.64%,-4.64%
0.325,0.3,0.35,0.2639,0.0003,-0.0003,0.0303,-0.0303,4.64%,-4.64%
0.375,0.35,0.4,0.2741,0.0003,-0.0003,0.0313,-0.0313,4.64%,-4.64%
0.425,0.4,0.45,0.2865,0.0003,-0.0003,0.0333,-0.0333,4.64%,-4.64%
0.475,0.45,0.5,0.2993,0.0003,-0.0003,0.0345,-0.0345,4.64%,-4.64%
0.525,0.5,0.55,0.3118,0.0004,-0.0004,0.0354,-0.0354,4.64%,-4.64%
0.575,0.55,0.6,0.3253,0.0004,-0.0004,0.0365,-0.0365,4.64%,-4.64%
0.625,0.6,0.65,0.3387,0.0004,-0.0004,0.037,-0.037,4.64%,-4.64%
0.675,0.65,0.7,0.3525,0.0005,-0.0005,0.0384,-0.0384,4.64%,-4.64%
0.725,0.7,0.75,0.3657,0.0006,-0.0006,0.0398,-0.0398,4.64%,-4.64%
0.775,0.75,0.8,0.377,0.0006,-0.0006,0.041,-0.041,4.64%,-4.64%
0.825,0.8,0.85,0.391,0.0007,-0.0007,0.0424,-0.0424,4.64%,-4.64%
0.875,0.85,0.9,0.4035,0.0008,-0.0008,0.0438,-0.0438,4.64%,-4.64%
0.925,0.9,0.95,0.4151,0.0009,-0.0009,0.045,-0.045,4.64%,-4.64%
0.975,0.95,1.0,0.4269,0.001,-0.001,0.0462,-0.0462,4.64%,-4.64%
1.05,1.0,1.1,0.4413,0.0007,-0.0007,0.0478,-0.0478,4.64%,-4.64%
1.15,1.1,1.2,0.4628,0.0008,-0.0008,0.0502,-0.0502,4.64%,-4.64%
1.25,1.2,1.3,0.4782,0.0008,-0.0008,0.052,-0.052,4.64%,-4.64%
1.35,1.3,1.4,0.4903,0.0009,-0.0009,0.0534,-0.0534,4.64%,-4.64%
1.45,1.4,1.5,0.5009,0.0011,-0.0011,0.0547,-0.0547,4.64%,-4.64%
1.55,1.5,1.6,0.5108,0.0011,-0.0011,0.0567,-0.0567,4.64%,-4.64%
1.65,1.6,1.7,0.5173,0.0014,-0.0014,0.0574,-0.0574,4.64%,-4.64%
1.75,1.7,1.8,0.5228,0.0014,-0.0014,0.0579,-0.0579,4.64%,-4.64%
1.85,1.8,1.9,0.5324,0.0017,-0.0017,0.059,-0.059,4.64%,-4.64%
1.95,1.9,2.0,0.5342,0.0018,-0.0018,0.0591,-0.0591,4.64%,-4.64%
2.1,2.0,2.2,0.5248,0.0014,-0.0014,0.0579,-0.0579,4.64%,-4.64%
2.3,2.2,2.4,0.5132,0.0014,-0.0014,0.0565,-0.0565,4.64%,-4.64%
2.5,2.4,2.6,0.505,0.0018,-0.0018,0.0555,-0.0555,4.64%,-4.64%
2.7,2.6,2.8,0.4847,0.0018,-0.0018,0.0532,-0.0532,4.64%,-4.64%
2.9,2.8,3.0,0.4598,0.0026,-0.0026,0.0503,-0.0503,4.64%,-4.64%
3.1,3.0,3.2,0.4316,0.0021,-0.0021,0.0471,-0.0471,4.64%,-4.64%
3.3,3.2,3.4,0.4091,0.002,-0.002,0.0446,-0.0446,4.64%,-4.64%
3.5,3.4,3.6,0.3928,0.002,-0.002,0.0427,-0.0427,4.64%,-4.64%
3.7,3.6,3.8,0.3719,0.002,-0.002,0.0404,-0.0404,4.64%,-4.64%
3.9,3.8,4.0,0.3496,0.002,-0.002,0.0379,-0.0379,4.64%,-4.64%
4.25,4.0,4.5,0.321,0.0021,-0.0021,0.0347,-0.0347,4.64%,-4.64%
4.75,4.5,5.0,0.2904,0.0021,-0.0021,0.0314,-0.0314,4.64%,-4.64%
5.25,5.0,5.5,0.2664,0.0016,-0.0016,0.0288,-0.0288,4.64%,-4.64%
5.75,5.5,6.0,0.2534,0.0016,-0.0016,0.0274,-0.0274,4.64%,-4.64%
6.25,6.0,6.5,0.2482,0.0016,-0.0016,0.0269,-0.0269,4.64%,-4.64%
6.75,6.5,7.0,0.2471,0.0018,-0.0018,0.0268,-0.0268,4.64%,-4.64%
7.5,7.0,8.0,0.2502,0.0018,-0.0018,0.0272,-0.0272,4.64%,-4.64%
8.5,8.0,9.0,0.2585,0.0023,-0.0023,0.0281,-0.0281,4.64%,-4.64%
9.5,9.0,10.0,0.2747,0.003,-0.003,0.0299,-0.0299,4.64%,-4.64%
10.5,10.0,11.0,0.2895,0.0039,-0.0039,0.0318,-0.0318,4.64%,-4.64%
11.5,11.0,12.0,0.306,0.005,-0.005,0.0339,-0.0339,4.64%,-4.64%
12.5,12.0,13.0,0.3207,0.0062,-0.0062,0.036,-0.036,4.64%,-4.64%
13.5,13.0,14.0,0.331,0.0077,-0.0077,0.0378,-0.0378,4.64%,-4.64%
14.5,14.0,15.0,0.3754,0.0098,-0.0098,0.0437,-0.0437,4.64%,-4.64%
15.5,15.0,16.0,0.3845,0.0117,-0.0117,0.0456,-0.0456,4.64%,-4.64%
17.0,16.0,18.0,0.3761,0.0107,-0.0107,0.0461,-0.0461,4.64%,-4.64%
19.0,18.0,20.0,0.4181,0.015,-0.015,0.0536,-0.0536,4.64%,-4.64%
21.0,20.0,22.0,0.4453,0.0199,-0.0199,0.0597,-0.0597,4.64%,-4.64%
23.0,22.0,24.0,0.517,0.0273,-0.0273,0.0732,-0.0732,4.64%,-4.64%
25.0,24.0,26.0,0.4962,0.0331,-0.0331,0.0742,-0.0742,4.64%,-4.64%
27.0,26.0,28.0,0.4555,0.0388,-0.0388,0.0709,-0.0709,4.64%,-4.64%
29.0,28.0,30.0,0.547,0.0515,-0.0515,0.0886,-0.0886,4.64%,-4.64%
31.0,30.0,32.0,0.4509,0.0557,-0.0557,0.0758,-0.0758,4.64%,-4.64%
33.0,32.0,34.0,0.8332,0.0903,-0.0903,0.1451,-0.1451,4.64%,-4.64%
35.0,34.0,36.0,0.6004,0.0893,-0.0893,0.108,-0.108,4.64%,-4.64%
38.0,36.0,40.0,0.6128,0.0795,-0.0795,0.1153,-0.1153,4.64%,-4.64%
42.5,40.0,45.0,0.6751,0.1007,-0.1007,0.135,-0.135,4.64%,-4.64%
47.5,45.0,50.0,0.782,0.1464,-0.1464,0.1659,-0.1659,4.64%,-4.64%

