#: table_doi: 10.17182/hepdata.59944.v1/t22
#: name: Table 22
#: description: Nuclear Modification Factor RAA in the centrality interval 50-60%.

#: data_file: Table22.yaml
#: keyword reactions: PB PB --> CHARGED X
#: keyword observables: RAA
#: keyword phrases: Inclusive
#: keyword cmenergies: 2760.0
#: RE,,,PB PB --> CHARGED X
#: ETARAP,,,-0.8-0.8
#: CENTRALITY [pct],,,50.0-60.0
#: SQRT(S)/NUCLEON [GeV],,,2760.0
PT [GEV],PT [GEV] LOW,PT [GEV] HIGH,RAA,stat +,stat -,sys +,sys -,"sys,normaliztion uncertainty +","sys,normaliztion uncertainty -"
0.175,0.15,0.2,0.4015,0.001,-0.001,0.059,-0.059,7.25%,-7.25%
0.225,0.2,0.25,0.3982,0.0006,-0.0006,0.0505,-0.0505,7.25%,-7.25%
0.275,0.25,0.3,0.4029,0.0006,-0.0006,0.0495,-0.0495,7.25%,-7.25%
0.325,0.3,0.35,0.4118,0.0006,-0.0006,0.0485,-0.0485,7.25%,-7.25%
0.375,0.35,0.4,0.422,0.0006,-0.0006,0.0499,-0.0499,7.25%,-7.25%
0.425,0.4,0.45,0.4329,0.0007,-0.0007,0.0523,-0.0523,7.25%,-7.25%
0.475,0.45,0.5,0.4458,0.0007,-0.0007,0.0534,-0.0534,7.25%,-7.25%
0.525,0.5,0.55,0.4588,0.0008,-0.0008,0.0542,-0.0542,7.25%,-7.25%
0.575,0.55,0.6,0.4714,0.0008,-0.0008,0.055,-0.055,7.25%,-7.25%
0.625,0.6,0.65,0.4867,0.0009,-0.0009,0.0554,-0.0554,7.25%,-7.25%
0.675,0.65,0.7,0.5014,0.001,-0.001,0.057,-0.057,7.25%,-7.25%
0.725,0.7,0.75,0.514,0.0011,-0.0011,0.0583,-0.0583,7.25%,-7.25%
0.775,0.75,0.8,0.5259,0.0013,-0.0013,0.0595,-0.0595,7.25%,-7.25%
0.825,0.8,0.85,0.5414,0.0014,-0.0014,0.0612,-0.0612,7.25%,-7.25%
0.875,0.85,0.9,0.5544,0.0016,-0.0016,0.0626,-0.0626,7.25%,-7.25%
0.925,0.9,0.95,0.5651,0.0017,-0.0017,0.0638,-0.0638,7.25%,-7.25%
0.975,0.95,1.0,0.5774,0.0019,-0.0019,0.0651,-0.0651,7.25%,-7.25%
1.05,1.0,1.1,0.5877,0.0014,-0.0014,0.0662,-0.0662,7.25%,-7.25%
1.15,1.1,1.2,0.6068,0.0017,-0.0017,0.0686,-0.0686,7.25%,-7.25%
1.25,1.2,1.3,0.6205,0.0016,-0.0016,0.0704,-0.0704,7.25%,-7.25%
1.35,1.3,1.4,0.6299,0.0016,-0.0016,0.0715,-0.0715,7.25%,-7.25%
1.45,1.4,1.5,0.6372,0.002,-0.002,0.0724,-0.0724,7.25%,-7.25%
1.55,1.5,1.6,0.6436,0.0021,-0.0021,0.0743,-0.0743,7.25%,-7.25%
1.65,1.6,1.7,0.6492,0.0025,-0.0025,0.0748,-0.0748,7.25%,-7.25%
1.75,1.7,1.8,0.6541,0.0026,-0.0026,0.0754,-0.0754,7.25%,-7.25%
1.85,1.8,1.9,0.6656,0.0031,-0.0031,0.0766,-0.0766,7.25%,-7.25%
1.95,1.9,2.0,0.666,0.0032,-0.0032,0.0766,-0.0766,7.25%,-7.25%
2.1,2.0,2.2,0.6523,0.0023,-0.0023,0.0747,-0.0747,7.25%,-7.25%
2.3,2.2,2.4,0.6422,0.0024,-0.0024,0.0734,-0.0734,7.25%,-7.25%
2.5,2.4,2.6,0.6426,0.0028,-0.0028,0.0733,-0.0733,7.25%,-7.25%
2.7,2.6,2.8,0.6286,0.0028,-0.0028,0.0716,-0.0716,7.25%,-7.25%
2.9,2.8,3.0,0.6121,0.0039,-0.0039,0.0696,-0.0696,7.25%,-7.25%
3.1,3.0,3.2,0.5938,0.004,-0.004,0.0673,-0.0673,7.25%,-7.25%
3.3,3.2,3.4,0.5836,0.004,-0.004,0.066,-0.066,7.25%,-7.25%
3.5,3.4,3.6,0.5789,0.0042,-0.0042,0.0654,-0.0654,7.25%,-7.25%
3.7,3.6,3.8,0.5677,0.0043,-0.0043,0.064,-0.064,7.25%,-7.25%
3.9,3.8,4.0,0.5524,0.0044,-0.0044,0.0622,-0.0622,7.25%,-7.25%
4.25,4.0,4.5,0.5292,0.0046,-0.0046,0.0594,-0.0594,7.25%,-7.25%
4.75,4.5,5.0,0.5122,0.0048,-0.0048,0.0575,-0.0575,7.25%,-7.25%
5.25,5.0,5.5,0.4997,0.0046,-0.0046,0.0562,-0.0562,7.25%,-7.25%
5.75,5.5,6.0,0.4841,0.0048,-0.0048,0.0545,-0.0545,7.25%,-7.25%
6.25,6.0,6.5,0.4819,0.0052,-0.0052,0.0543,-0.0543,7.25%,-7.25%
6.75,6.5,7.0,0.4924,0.006,-0.006,0.0555,-0.0555,7.25%,-7.25%
7.5,7.0,8.0,0.4871,0.0057,-0.0057,0.0549,-0.0549,7.25%,-7.25%
8.5,8.0,9.0,0.4975,0.0074,-0.0074,0.0562,-0.0562,7.25%,-7.25%
9.5,9.0,10.0,0.5197,0.0096,-0.0096,0.0588,-0.0588,7.25%,-7.25%
10.5,10.0,11.0,0.5464,0.0126,-0.0126,0.0622,-0.0622,7.25%,-7.25%
11.5,11.0,12.0,0.5384,0.0156,-0.0156,0.0619,-0.0619,7.25%,-7.25%
12.5,12.0,13.0,0.6137,0.0206,-0.0206,0.0714,-0.0714,7.25%,-7.25%
13.5,13.0,14.0,0.6178,0.0252,-0.0252,0.0732,-0.0732,7.25%,-7.25%
14.5,14.0,15.0,0.6105,0.0301,-0.0301,0.0735,-0.0735,7.25%,-7.25%
15.5,15.0,16.0,0.6271,0.0364,-0.0364,0.0769,-0.0769,7.25%,-7.25%
17.0,16.0,18.0,0.6724,0.0343,-0.0343,0.0849,-0.0849,7.25%,-7.25%
19.0,18.0,20.0,0.5613,0.0418,-0.0418,0.0739,-0.0739,7.25%,-7.25%
21.0,20.0,22.0,0.6904,0.0608,-0.0608,0.0949,-0.0949,7.25%,-7.25%
23.0,22.0,24.0,0.7514,0.081,-0.081,0.1081,-0.1081,7.25%,-7.25%
25.0,24.0,26.0,0.7138,0.0988,-0.0988,0.1075,-0.1075,7.25%,-7.25%
27.0,26.0,28.0,0.8817,0.1354,-0.1354,0.1382,-0.1382,7.25%,-7.25%
29.0,28.0,30.0,0.9388,0.1695,-0.1695,0.1529,-0.1529,7.25%,-7.25%
31.0,30.0,32.0,0.7842,0.1855,-0.1855,0.1324,-0.1324,7.25%,-7.25%
33.0,32.0,34.0,0.735,0.2127,-0.2127,0.1284,-0.1284,7.25%,-7.25%
35.0,34.0,36.0,0.8437,0.2674,-0.2674,0.1523,-0.1523,7.25%,-7.25%
38.0,36.0,40.0,0.8432,0.2346,-0.2346,0.1592,-0.1592,7.25%,-7.25%
42.5,40.0,45.0,0.3783,0.1893,-0.1893,0.0759,-0.0759,7.25%,-7.25%
47.5,45.0,50.0,0.6934,0.3471,-0.3471,0.1476,-0.1476,7.25%,-7.25%

